Taxon	Island
37	1
43	1
45	1
50	1
53	1
56	1
62	1
64	1
66	1
67	1
70	1
71	1
73	1
74	1
76	1
77	1
81	1
92	1
103	1
108	1
109	1
111	1
120	1
121	1
131	1
133	1
140	1
142	1
143	1
145	1
146	1
150	1
152	1
154	1
155	1
165	1
168	1
169	1
170	1
172	1
173	1
182	1
186	1
190	1
191	1
193	1
196	1
202	1
205	1
207	1
208	1
209	1
214	1
218	1
222	1
228	1
233	1
236	1
37	2
43	2
53	2
56	2
64	2
67	2
70	2
73	2
74	2
77	2
81	2
90	2
101	2
103	2
109	2
121	2
131	2
134	2
141	2
142	2
143	2
144	2
152	2
154	2
155	2
157	2
168	2
172	2
173	2
174	2
182	2
186	2
190	2
191	2
193	2
198	2
207	2
208	2
212	2
214	2
218	2
222	2
236	2
43	3
67	3
70	3
71	3
73	3
77	3
81	3
85	3
103	3
105	3
131	3
136	3
141	3
142	3
143	3
154	3
155	3
159	3
172	3
173	3
191	3
197	3
198	3
202	3
207	3
208	3
214	3
218	3
43	4
67	4
70	4
73	4
77	4
85	4
141	4
142	4
143	4
144	4
154	4
155	4
159	4
172	4
173	4
208	4
214	4
218	4
231	4
37	5
43	5
53	5
67	5
70	5
73	5
76	5
77	5
81	5
85	5
92	5
93	5
131	5
133	5
138	5
141	5
142	5
143	5
144	5
145	5
146	5
154	5
155	5
168	5
169	5
172	5
173	5
174	5
182	5
188	5
190	5
191	5
193	5
198	5
199	5
205	5
207	5
208	5
214	5
220	5
221	5
37	6
43	6
67	6
70	6
73	6
76	6
92	6
143	6
172	6
183	6
205	6
214	6
37	7
43	7
53	7
56	7
66	7
67	7
70	7
73	7
74	7
76	7
81	7
92	7
103	7
109	7
120	7
133	7
136	7
141	7
142	7
155	7
163	7
168	7
173	7
174	7
186	7
188	7
190	7
205	7
208	7
214	7
221	7
235	7
43	8
49	8
53	8
64	8
66	8
67	8
70	8
71	8
73	8
74	8
76	8
77	8
81	8
92	8
120	8
125	8
133	8
136	8
140	8
141	8
142	8
143	8
144	8
145	8
151	8
154	8
155	8
163	8
168	8
172	8
173	8
174	8
183	8
186	8
188	8
191	8
198	8
205	8
208	8
214	8
219	8
221	8
37	9
43	9
53	9
62	9
66	9
67	9
70	9
71	9
73	9
74	9
81	9
85	9
86	9
94	9
105	9
114	9
133	9
136	9
141	9
142	9
143	9
145	9
154	9
172	9
173	9
183	9
190	9
208	9
214	9
219	9
221	9
36	10
37	10
49	10
53	10
61	10
62	10
64	10
66	10
67	10
70	10
71	10
73	10
74	10
76	10
77	10
81	10
85	10
86	10
92	10
93	10
94	10
103	10
105	10
109	10
114	10
117	10
124	10
125	10
133	10
141	10
142	10
144	10
146	10
148	10
150	10
154	10
155	10
160	10
163	10
173	10
174	10
175	10
181	10
190	10
191	10
193	10
194	10
198	10
205	10
208	10
214	10
219	10
221	10
62	11
67	11
68	11
70	11
86	11
136	11
155	11
208	11
42	12
43	12
58	12
62	12
64	12
66	12
67	12
68	12
70	12
73	12
74	12
81	12
85	12
93	12
103	12
109	12
131	12
133	12
136	12
141	12
143	12
144	12
145	12
146	12
154	12
155	12
173	12
174	12
175	12
188	12
189	12
191	12
193	12
194	12
198	12
199	12
205	12
207	12
208	12
210	12
212	12
214	12
219	12
221	12
229	12
42	13
43	13
58	13
62	13
67	13
70	13
73	13
81	13
85	13
109	13
131	13
133	13
136	13
141	13
142	13
143	13
145	13
147	13
154	13
155	13
160	13
172	13
173	13
174	13
175	13
190	13
198	13
205	13
206	13
208	13
212	13
214	13
219	13
43	14
62	14
67	14
73	14
81	14
85	14
131	14
133	14
136	14
141	14
208	14
212	14
37	15
51	15
52	15
53	15
61	15
66	15
67	15
70	15
73	15
76	15
79	15
81	15
86	15
92	15
93	15
109	15
110	15
115	15
117	15
119	15
124	15
125	15
133	15
136	15
138	15
143	15
151	15
154	15
155	15
160	15
174	15
201	15
205	15
207	15
208	15
214	15
219	15
221	15
226	15
37	16
48	16
51	16
52	16
55	16
61	16
64	16
67	16
68	16
73	16
79	16
81	16
86	16
93	16
95	16
99	16
109	16
110	16
115	16
117	16
124	16
125	16
126	16
133	16
136	16
141	16
143	16
144	16
146	16
150	16
154	16
155	16
160	16
168	16
174	16
188	16
193	16
201	16
205	16
207	16
208	16
212	16
214	16
219	16
221	16
226	16
234	16
37	17
43	17
55	17
61	17
64	17
67	17
70	17
73	17
76	17
93	17
109	17
110	17
124	17
138	17
141	17
142	17
143	17
146	17
155	17
160	17
172	17
174	17
191	17
194	17
198	17
201	17
202	17
206	17
207	17
208	17
214	17
221	17
226	17
37	18
43	18
51	18
62	18
64	18
67	18
73	18
77	18
85	18
86	18
103	18
109	18
136	18
141	18
143	18
146	18
150	18
153	18
155	18
160	18
166	18
172	18
173	18
174	18
198	18
205	18
208	18
214	18
219	18
221	18
37	19
40	19
46	19
53	19
55	19
58	19
60	19
64	19
67	19
73	19
75	19
76	19
79	19
81	19
85	19
89	19
104	19
109	19
110	19
117	19
124	19
125	19
133	19
136	19
141	19
142	19
145	19
150	19
151	19
154	19
155	19
161	19
172	19
173	19
174	19
179	19
188	19
194	19
198	19
205	19
206	19
208	19
214	19
221	19
225	19
37	20
38	20
42	20
43	20
48	20
51	20
53	20
54	20
55	20
57	20
61	20
64	20
67	20
70	20
73	20
74	20
75	20
76	20
77	20
79	20
86	20
89	20
91	20
92	20
93	20
94	20
100	20
110	20
117	20
124	20
125	20
128	20
132	20
141	20
142	20
144	20
145	20
150	20
154	20
155	20
166	20
172	20
174	20
176	20
184	20
190	20
205	20
206	20
208	20
212	20
214	20
221	20
37	21
40	21
43	21
48	21
49	21
52	21
53	21
55	21
56	21
61	21
63	21
64	21
65	21
67	21
70	21
73	21
74	21
76	21
78	21
79	21
81	21
84	21
86	21
91	21
93	21
94	21
96	21
99	21
105	21
110	21
115	21
117	21
124	21
125	21
128	21
132	21
135	21
136	21
141	21
142	21
145	21
146	21
147	21
148	21
150	21
151	21
154	21
155	21
160	21
162	21
173	21
174	21
175	21
176	21
187	21
188	21
190	21
191	21
192	21
194	21
198	21
199	21
202	21
206	21
207	21
208	21
212	21
213	21
214	21
219	21
221	21
224	21
226	21
231	21
234	21
40	22
52	22
55	22
59	22
61	22
76	22
81	22
86	22
93	22
99	22
110	22
115	22
120	22
124	22
132	22
141	22
144	22
146	22
154	22
155	22
162	22
174	22
187	22
199	22
201	22
202	22
205	22
207	22
212	22
221	22
226	22
40	23
52	23
55	23
59	23
61	23
65	23
67	23
78	23
81	23
89	23
93	23
110	23
115	23
124	23
125	23
132	23
143	23
145	23
146	23
150	23
154	23
155	23
160	23
162	23
166	23
176	23
205	23
206	23
208	23
212	23
221	23
226	23
234	23
40	24
54	24
55	24
59	24
61	24
64	24
65	24
67	24
68	24
70	24
73	24
81	24
85	24
91	24
124	24
125	24
128	24
141	24
142	24
143	24
154	24
155	24
160	24
174	24
191	24
193	24
198	24
201	24
204	24
205	24
206	24
207	24
208	24
212	24
221	24
40	25
55	25
61	25
65	25
67	25
68	25
81	25
89	25
93	25
99	25
124	25
128	25
132	25
141	25
146	25
160	25
176	25
187	25
188	25
191	25
193	25
202	25
204	25
205	25
206	25
208	25
212	25
40	26
43	26
54	26
55	26
56	26
64	26
67	26
70	26
73	26
93	26
124	26
142	26
143	26
146	26
154	26
155	26
160	26
191	26
193	26
197	26
208	26
210	26
219	26
221	26
37	27
40	27
43	27
53	27
54	27
55	27
56	27
62	27
64	27
65	27
66	27
67	27
70	27
71	27
73	27
81	27
91	27
93	27
99	27
103	27
105	27
113	27
124	27
136	27
138	27
142	27
143	27
144	27
154	27
155	27
160	27
163	27
172	27
173	27
188	27
189	27
190	27
191	27
192	27
193	27
197	27
198	27
201	27
202	27
205	27
206	27
208	27
210	27
214	27
219	27
221	27
37	28
40	28
42	28
43	28
45	28
47	28
53	28
54	28
55	28
56	28
62	28
64	28
65	28
67	28
68	28
70	28
73	28
74	28
76	28
80	28
81	28
84	28
92	28
93	28
97	28
99	28
103	28
105	28
106	28
113	28
125	28
126	28
127	28
128	28
129	28
131	28
132	28
136	28
142	28
143	28
144	28
146	28
147	28
154	28
155	28
156	28
160	28
163	28
167	28
172	28
173	28
174	28
188	28
189	28
190	28
191	28
193	28
198	28
203	28
206	28
208	28
210	28
211	28
212	28
214	28
219	28
221	28
222	28
224	28
226	28
227	28
228	28
229	28
231	28
53	29
62	29
70	29
76	29
87	29
107	29
111	29
137	29
150	29
155	29
158	29
178	29
191	29
197	29
205	29
214	29
215	29
44	30
62	30
67	30
82	30
83	30
87	30
111	30
122	30
177	30
186	30
191	30
232	30
53	31
56	31
62	31
67	31
69	31
73	31
87	31
111	31
112	31
116	31
120	31
123	31
130	31
139	31
143	31
150	31
155	31
177	31
191	31
217	31
53	32
56	32
62	32
67	32
69	32
73	32
76	32
92	32
109	32
111	32
112	32
123	32
130	32
148	32
150	32
177	32
180	32
191	32
195	32
223	32
230	32
62	33
69	33
73	33
76	33
84	33
92	33
111	33
112	33
120	33
123	33
143	33
148	33
150	33
154	33
155	33
177	33
180	33
182	33
185	33
230	33
53	34
56	34
67	34
69	34
73	34
76	34
82	34
84	34
109	34
111	34
112	34
120	34
130	34
139	34
148	34
149	34
150	34
155	34
171	34
177	34
180	34
182	34
185	34
195	34
212	34
222	34
223	34
230	34
39	35
41	35
43	35
45	35
53	35
56	35
62	35
64	35
67	35
69	35
70	35
72	35
73	35
76	35
84	35
87	35
88	35
92	35
98	35
102	35
109	35
111	35
118	35
125	35
142	35
143	35
144	35
148	35
150	35
154	35
155	35
164	35
168	35
172	35
182	35
198	35
200	35
208	35
212	35
213	35
214	35
216	35
217	35
230	35
236	35
